Pris,Area,Avgift,Rum
4375000,38,1795,2
4600000,58,3208,2
7600000,82,4271,3
2880000,40,2201,1
5850000,61,2382,2
2750000,24,1906,1
2900000,35.1,2172,2
4025000,48,3321,2
18200000,145,4586,5
2750000,33,1544,1
4619000,43,2007,2
16625000,136,4996,5
2750000,25,1519,1
5095000,69,3346,2
1.2e+07,113,2476,4
1.3e+07,110,1692,4
3670000,46,2948,2
5450000,79,3599,3
6550000,75,3910,3
5550000,79,5214,3
8200000,77,2893,3
2850000,40,2661,2
15500000,166,3993,5
2440000,23,1034,1
3775000,51,1885,2
2755000,37,2053,1
3050000,38,2112,2
9100000,97,4658,4
5750000,66,4500,3
4800000,55,1606,2
6530000,90,5980,4
3500000,36,1753,1
4250000,42,2275,2
3495000,54,2339,2
6300000,82.5,4574,4
2650000,31,1242,1
11750000,123,4819,4
5550000,58,3339,2
4025000,47,3017,2
2630000,32,2251,2
3800000,39,2177,2
10800000,109,3979,3
4400000,47,2548,2
2950000,28,1631,1
9050000,111.1,6098,4
9800000,111,5549,4
5420000,70.8,1339,3
7050000,54,413,2
4800000,76,3680,3
7500000,72,2881,3
2248000,23,1603,1
4300000,51,2578,2
4430000,43,2551,2
3150000,30,1995,1
6820000,82,2351,2
4420000,49,2411,1
4950000,71,4235,3
5750000,58,4508,3
5100000,63,3884,2
4e+06,53,3552,2
8550000,73,1610,3
4400000,51,3071,2
6600000,101,3882,4
5500000,57,2488,2
10400000,120.5,6326,4
3500000,40,1859,2
2250000,18,935,1
9300000,91,3094,3
9800000,94,3337,3
4600000,40,2327,2
3100000,37,2157,2
3650000,37,2325,1
2350000,22,1944,1
7350000,77,3660,3
3550000,43,2300,2
8625000,85,2017,4
3295000,53,4188,2
4050000,48,3321,2
5350000,67,3643,3
5200000,65,2782,3
3050000,34,1812,1
8900000,99,4575,3
3e+06,30,1880,1
5150000,76,2432,3
4275000,46,1905,2
3e+06,36,1705,1
4750000,60,4348,3
2150000,18,1344,1
6665000,78.5,4203,3
3500000,44,2237,2
6380000,73,3818,3
3800000,44,2809,2
4200000,56,3122,2
8100000,93,2651,3
4750000,55,2874,3
5e+06,60,2900,2
3920000,46.5,3615,2
2800000,37,1841,1
6450000,88,4215,4
5500000,87,4678,3
8e+06,75,3380,3
6500000,57,1653,2
3510000,44,2515,1
5030000,61,2906,2
7200000,68,2510,3
3275000,42,1802,2
7995000,100.7,3577,3
2900000,45,2167,1
2450000,31,2288,2
6100000,72,4390,3
5295000,62,3218,2
3700000,63.5,4438,2
6875000,68,3423,2
8800000,97,4442,4
4500000,54,2299,2
5e+06,83,4778,2
7500000,81,4725,4
4900000,65,3439,2
6250000,66,682,3
3730000,40,2058,1
3200000,44,2493,2
2800000,26,1199,1
3150000,30,1256,1
3780000,36,1336,2
8640000,81,2732,3
5e+06,76,3680,3
3875000,41,1540,1
6950000,92.5,3406,4
6700000,88,4098,4
4190000,53.5,3473,2
2600000,25,1242,1
3775000,39,1741,2
3530000,43,2495,2
4020000,40,2545,2
3200000,39,2721,2
4600000,58,1593,2
3800000,43,1806,1
5300000,60,3177,2
2800000,20,1017,1
3860000,49,2673,2
12600000,122,1443,4
5750000,65,2760,2
3550000,41,2272,2
3500000,33,1907,2
4800000,71,3106,3
11425000,143,6090,4
2550000,27,1661,1
11750000,89,3378,4
4495000,50,1619,2
2100000,23,1888,1
6250000,45,1740,2
3725000,34,1238,1
8900000,123,4853,5
2925000,28,1113,1
7900000,83,3002,3
2470000,21,1619,1
2500000,24,1727,1
5e+06,57,3792,2
2800000,44,2146,1
3100000,40.5,2123,1
2535000,24.5,1325,1
2450000,28,2150,1
3800000,42,2239,2
2510000,34,1418,1
2630000,26,1790,1
8650000,93,4361,4
4450000,42,2235,2
8750000,85,2738,3
3e+06,37,2337,2
4575000,52,2729,2
2990000,31,1323,1
3600000,40,1391,2
5700000,61,3077,2
3850000,44,2417,2
4150000,47,2324,2
6260000,84,4118,3
3370000,32,1124,1
4350000,56.5,2447,2
8550000,88,2790,3
3510000,40,2613,2
3870000,49,3039,2
3460000,42,2210,2
2700000,22,325,1
4050000,50,3361,2
3495000,41,1414,2
10500000,79,3949,3
5015000,62,3011,2
3950000,45,2017,2
7300000,88,4214,3
3500000,40,2241,1
6810000,72,3097,3
8900000,96,3738,4
8500000,86,4946,3
5850000,78,4979,3
3840000,35,1646,1
9400000,118,5900,5
5125000,56,2535,2
9750000,89,5153,3
2800000,32,2300,2
6950000,74,4578,3
3800000,36,1922,1
3770000,36,2272,2
2500000,26,858,1
5600000,75,4693,3
4140000,47,2770,2
2995000,37,2071,1
6400000,86,4576,3
3050000,34,1741,1
3200000,41,2356,1
3610000,37,1673,2
5380000,58,3112,2
4070000,38,1594,2
5650000,72,4091,3
8175000,94,2936,4
3885000,45,2337,2
5e+06,58.5,3436,2
2950000,34,1934,1
2500000,23,924,1
7100000,97,3303,5
4700000,63,3123,2
6775000,64.1,3044,2
6890000,72,2683,2
3125000,39,1947,2
3660000,49,2880,2
3950000,46,2193,2
3075000,32,1737,1
5200000,56,2924,2
7e+06,80.9,3389,3
3950000,35.6,1492,1
7300000,83,4783,3
3300000,32,1954,2
9500000,103,1853,4
2930000,38,2193,1
20600000,184,7258,6
4050000,42,2264,2
3900000,45,2091,2
2580000,20,1217,1
3275000,35,2775,1
9500000,87,3295,3
3800000,46,2239,2
5800000,63,2309,3
6820000,69,2851,3
3900000,43.5,2390,2
5850000,74,3030,2
2160000,23,1563,1
2850000,40,2033,2
3850000,40,2129,2
6950000,68,4265,3
5700000,72,3203,2
3920000,35,2404,1
5525000,55,1826,2
5910000,68,3128,3
6800000,67,1931,3
2950000,42,2382,2
15500000,163,4026,5
10550000,95,2165,4
10200000,104,3940,4
4210000,36,1241,2
8850000,79,2632,3
3820000,35.5,954,2
5900000,78,3963,3
3500000,39,2068,2
8750000,74,3629,3
4100000,50.5,3549,2
3e+06,46,2534,2
8800000,91,3530,3
5750000,72,3932,2
3440000,39,1972,2
6750000,98,4863,4
6230000,62,1961,2
5420000,55,2179,2
5400000,57,3132,2
2800000,32,2029,1
2500000,31,1073,2
1e+07,89,2879,3
10500000,112.4,3063,5
5900000,59,2832,2
4420000,48,2559,2
5675000,61,2523,2
4450000,58,2085,3
4050000,52,1230,2
3340000,37,2355,2
5825000,65,2918,2
4e+06,49,2433,2
3010000,42.5,1852,2
3300000,45,3212,2
2800000,32,2829,2
8650000,96,3696,3
10200000,116,4844,6
8300000,82.5,4286,3
3500000,41,2050,2
2240000,20.5,1559,1
2350000,24,1443,1
3150000,33.5,1857,1
7200000,75,3418,3
2160000,23,1880,1
5780000,62,3829,2
4250000,74,3864,2
3925000,52,3037,2
6200000,62,2566,2
4900000,52,3012,2
2620000,33,2078,2
4225000,52,2089,1
12800000,110,3949,3
3180000,31,1375,1
4995000,63,3250,2
2775000,35,1464,2
5200000,54,1869,2
3800000,35,1562,1
3300000,41,2167,2
2600000,29.5,1589,1
9100000,86,3685,3
7400000,83,4448,3
9800000,107,1205,4
3370000,38,2094,2
3550000,32,1886,2
3550000,36,1842,2
3700000,46,2062,2
2500000,23.5,1467,1
7700000,86.5,2834,3
10400000,86,4937,4
3950000,41,2277,2
4320000,65,2968,2
6200000,59,3250,2
4900000,55,2103,2
5800000,75,3203,3
8300000,90,4562,4
4275000,34,1454,1
5910000,63,2979,2
4075000,46,1650,2
7110000,74,3355,3
8700000,81,2480,4
4825000,60,3108,2
3700000,38,2362,2
11980000,139,6084,3
3900000,42,2400,2
6120000,73,3238,2
5525000,61,3379,2
6025000,59,2358,2
3200000,33,1732,1
4900000,55,3030,2
6200000,54,1798,2
2675000,26,1827,1
5745000,71.5,1740,2
8200000,89.5,4312,3
4200000,41,2913,2
3e+06,34.5,2810,1
6400000,79,3612,3
8100000,76,3635,3
8650000,111,5546,4
3e+06,40,2797,2
3900000,44,2055,2
4910000,50,1521,2
1.1e+07,137,6912,5
3600000,47,2623,2
3200000,35,2367,2
4887500,58,2689,2
13590000,133,3432,5
6100000,71,2856,3
6200000,61,2942,2
3500000,36,1569,1
5950000,60.1,2534,2
11850000,114,5042,4
5700000,76,3835,3
4450000,38,1795,2
3920000,56.5,4359,3
2800000,33,1788,1
3725000,34,1680,2
4450000,40,1172,2
3230000,45,2518,1
4700000,72,3801,3
3345000,42,2695,2
5250000,60,882,2
4700000,52,2949,2
5350000,64,3000,2
2100000,20.5,1100,1
5475000,52,2884,2
4515000,51,2489,2
5450000,66,3105,3
3e+06,32,1946,1
9850000,97,2348,4
8400000,97,3572,3
5750000,58,3149,2
4750000,64.5,2483,2
3210000,32,1819,1
4100000,35,1311,2
4850000,51,3363,2
2e+06,24,1004,1
2950000,35,2002,2
8100000,84,4563,4
8e+06,83,4615,3
2950000,32,1763,1
9100000,95,2789,3
6200000,61,1819,2
4025000,45,1916,2
5300000,64,2686,2
2300000,23,1415,1
6120000,57,1142,2
5350000,57,2455,2
4605000,55,2940,2
2250000,24,1217,1
2350000,22,1359,1
5900000,56,2334,2
2350000,24,1209,1
6400000,79,3802,3
3500000,35,2106,1
4075000,43,2039,2
4950000,54,2816,2
4900000,46,1381,2
3100000,30,1792,1
5700000,69,3670,2
2250000,19,1862,1
4760000,66,4291,3
3400000,47,2623,2
3585000,48.5,3368,2
3450000,44,1991,1
5450000,64,3347,3
2775000,29,2214,1
7500000,98,4080,5
5850000,65,4029,2
4e+06,43,1472,2
7650000,75,1616,3
8200000,90,4645,3
4375000,62,3727,2
6900000,63,1883,2
13300000,112,3596,4
6300000,71,2912,3
4600000,66,3675,3
5495000,75,3672,4
18200000,164,5158,6
9750000,106,3576,4
7400000,58,3021,2
5800000,57,3493,2
5700000,56,1749,2
2250000,26,2208,1
3525000,38,2139,1
7280000,72,3616,2
5150000,67,2897,2
6800000,69.5,3721,3
6400000,76.5,2282,3
6400000,85,4444,3
5500000,68,3076,3
5770000,67,3869,3
3725000,43,2477,2
5950000,82,4019,3
3300000,35,2088,1
10500000,99,3658,3
3075000,38,1873,1
3800000,49,2853,2
8750000,121.5,6977,5
3300000,37.5,2220,1
4750000,56,2800,2
3500000,34,1976,1
8500000,89,4384,3
6500000,92.5,4844,3
10350000,100,5569,4
2950000,23,1591,1
6e+06,85,4604,4
2665000,30,1128,1
6740000,80,3428,3
5e+06,59.5,496,2
7800000,96,5424,4
7300000,63,2435,2
4900000,84,4390,3
6270000,75,3944,3
5025000,63,3046,2
3610000,45,2333,2
2695000,40,2661,2
6900000,72,3341,3
2460000,24,1536,1
2875000,32,1011,1
3950000,41,2366,2
6100000,99,5761,4
2800000,27,1533,1
5e+06,76.9,4418,3
7950000,92,4498,4
5940000,59,1912,2
3200000,46,2584,2
4350000,47,2350,2
5750000,65,2427,2
2730000,29,1298,1
2900000,35,2439,2
2900000,34,1912,1
2630000,24,1230,1
5125000,67,2836,2
4120000,52,3221,2
5800000,81.5,4643,3
4e+06,40,2409,2
8650000,79,4609,3
3700000,36,1386,2
5800000,51,1672,2
7e+06,71,4115,3
3920000,34,1207,2
2500000,21,1268,1
6315000,100,4931,4
5275000,62.5,2800,2
5995000,73,2006,2
7750000,98,4464,4
2850000,39,2291,1
4550000,60,3000,2
8850000,84,3606,3
3700000,44.5,2865,2
4250000,42,855,2
3700000,39,1807,2
4100000,40,132,2
2400000,22.5,1288,1
3610000,44,2301,1
6545000,84,3735,3
4990000,62,2435,2
3150000,37,2489,2
5e+06,57,3208,2
3350000,42.5,2362,1
5700000,68,3990,3
2695000,38,1814,2
5350000,55,1826,2
4750000,56,2226,2
3e+06,36,2464,2
6100000,69,3979,3
8500000,86,4861,3
6950000,80,4183,3
7800000,95,3931,4
4775000,52,2874,2
5100000,48,1813,2
3500000,35,1907,1
6700000,75,4160,3
4100000,41,2337,2
5370000,56,3130,2
10700000,91,2786,3
5450000,56,2551,2
5100000,56,3393,2
3900000,46,2193,2
3950000,46,2255,2
2850000,30,2159,1
2955000,42.5,1867,2
3250000,35.5,2327,1
5700000,64,3287,3
6575000,92,4371,3
2700000,31.5,1790,1
3e+06,31,1185,1
3195000,44.2,2943,2
2695000,44.2,2941,2
7700000,81.5,2820,3
5450000,76,2903,3
4600000,46,1617,2
7e+06,74,2719,4
2750000,18,1224,1
3800000,46,2515,2
7200000,82.7,2952,3
6595000,88,4214,4
3500000,45.5,2809,2
4200000,54,3489,2
5900000,57,2969,2
4100000,36,2438,2
7995000,94.3,2887,4
6400000,68,2975,3
2650000,40,2661,2
4900000,46.3,1739,2
6900000,87,4035,3
6800000,97,5462,4
6700000,88.5,4481,3
12900000,135,6208,4
4700000,56.5,2768,2
4250000,44,2545,2
5390000,77,2642,3
8820000,101,5759,5
6100000,58,4180,2
3665000,42,2382,2
5500000,61,2749,3
2700000,29,1715,1
5200000,59,2083,2
7150000,75,3997,3
10700000,108,4417,4
4320000,74,2281,3
6500000,57,1793,2
3e+06,31,664,2
3220000,28,926,1
6050000,79,2943,2
5170000,73,4381,3
7110000,106,4880,4
7625000,90,4182,3
8050000,81,4848,3
3225000,36,2905,2
2410000,31,2288,2
8425000,79,2932,3
5290000,57,2304,2
5600000,39,709,2
6400000,63,3025,2
4050000,69,2948,2
5110000,55,2060,2
8900000,112.5,5845,5
6550000,63,2570,2
4600000,38.5,1809,1
2795000,28,1584,1
4180000,49,2613,2
2900000,32,1278,1
7100000,79,2377,3
13800000,140,1273,5
5495000,61,3320,2
3075000,44.2,2990,2
11300000,113,3178,4
7325000,63,2693,3
3435000,38,1604,2
2300000,24,1920,2
4450000,56,3332,2
3400000,35,2332,2
3400000,37,1545,1
7450000,77,4155,3
3715000,37,2100,1
3560000,49,3357,2
3450000,38,2605,1
3335000,43.5,2534,2
4500000,45,1382,2
3770000,30,976,2
5995000,78.5,4525,3
5640000,59,3289,3
2610000,28,2413,1
2395000,21,1559,1
3050000,41.1,2510,1
5200000,60,2319,2
3100000,38,2043,2
3350000,41.6,1914,2
4425000,70,3208,2
2620000,26.7,1658,1
3610000,38,1770,1
2710000,32,1974,2
3250000,38,2056,1
7400000,99,4254,5
3650000,42,2739,2
4200000,55,2648,2
5950000,50,1083,2
2900000,41,2307,2
3900000,46.4,1823,2
4700000,56,2800,2
2495000,31,1543,1
9050000,111,4114,3
2800000,29.5,1772,1
3375000,38,2302,2
3200000,33,1977,1
3675000,43.5,3133,2
3660000,42,2573,2
3100000,38,2302,2
5600000,75.5,3765,3
3e+06,36,1847,1
5750000,55,1654,2
6900000,64,2711,2
2770000,33,1831,1
3375000,44,2166,2
2700000,25,1093,1
4150000,43,2854,2
5400000,51,2127,2
12050000,150,7500,6
2700000,28,1834,1
2250000,22.5,1069,1
2335000,27,2595,1
5495000,66,2694,2
2860000,31.5,2072,1
3621000,51,2645,2
4200000,40,1377,2
6350000,62,1870,3
3e+06,40,2530,1
5500000,64,2912,2
9025000,115,5499,4
2650000,36,1705,1
2900000,28,911,1
3260000,44,2556,2
3160000,32,1638,2
3900000,44,2251,2
5300000,75,3816,3
5160000,77,3481,2
4200000,44,2044,1
2210000,22,857,1
4800000,63,2737,2
4600000,46,1650,2
6020000,59,1576,2
7600000,86,4376,3
4950000,50,2874,2
7050000,76,2203,3
4550000,52,2638,2
5800000,74,3989,3
2750000,27.5,1193,1
4300000,53.5,3473,2
4570000,60,3494,2
2900000,36.5,2053,2
4900000,69,4133,3
4125000,58.5,3337,2
5500000,56,2912,2
4850000,56,2800,2
6250000,86,3693,4
8450000,92,3605,3
8075000,83,4397,3
3400000,31,1077,2
5300000,79.5,4546,3
6800000,77,3977,3
5060000,55,2543,2
4100000,42,2448,1
5300000,71,2997,3
5600000,62,2658,2
2650000,26,1434,1
2500000,24,1490,1
8720000,101,4007,4
3925000,48,2637,2
7500000,82,4202,3
8250000,83,3330,3
7100000,71,2047,2
2600000,27,629,1
7600000,84,3202,3
3090000,46.5,2491,2
4450000,47,2303,2
5800000,65.5,2473,2
3400000,45.5,3931,2
2850000,35,2477,1
9900000,109.4,4936,4
5500000,63,2029,3
2600000,27,1481,1
11750000,125,4590,4
4050000,41,2077,2
3550000,33,1297,2
8e+06,87,2841,3
4100000,44,3386,2
2925000,40,2661,2
4900000,55,2309,2
8e+06,90,3468,2
8525000,119,2125,4
9950000,84,3771,3
8650000,78,2971,3
3e+06,33,2396,1
5930000,63,2169,2
6850000,79,3975,4
7200000,68,3173,2
3460000,37,1673,2
1.5e+07,136,4916,4
4450000,45,2283,2
2900000,25,931,1
3950000,34,566,2
3480000,34,1855,1
5100000,62,2954,2
7300000,90,4711,3
3900000,41,3225,2
4800000,56,2711,2
6550000,80,2301,3
4350000,43,2183,2
6300000,77,4015,4
3475000,41,2641,1
5100000,63,2468,4
5e+06,56,2782,2
4950000,54,3102,2
4100000,53,2821,2
5300000,84,3627,4
5400000,50,2042,2
8100000,93,2786,3
3995000,54,2973,2
2950000,29,1330,1
13150000,135,5654,4
6e+06,78,3806,3
5895000,76,3749,2
5150000,77,3727,3
3400000,41,1922,1
2825000,30,2079,1
9600000,113,4781,4
9450000,85,2351,2
6500000,62,3408,2
9190000,90,2851,3
5930000,67,3213,2
6500000,67,2488,2
7125000,64,3646,2
4770000,54,1660,2
4650000,48,2453,2
4e+06,38,1499,1
10150000,87,3682,4
2800000,36,2091,1
10400000,104,3997,4
7900000,76,2756,3
3400000,26,748,1
8600000,86,3888,3
8170000,89,4677,3
4450000,49,2434,2
9500000,91,5369,3
4e+06,45,1786,2
3930000,40,1173,2
2500000,19,620,1
2200000,17,1229,1
5030000,56,1793,2
6225000,70,3532,2
5e+06,50,2649,2
7095000,76.3,3103,3
6200000,75,5247,3
2910000,33,2662,2
3200000,38,2046,1
3120000,34,1883,1
5800000,81,3727,3
6525000,58,3437,2
5800000,58,1593,2
10100000,81,2297,3
6920000,61,2723,2
14325000,132,4940,4
5600000,56,2479,2
2475000,22,1620,1
8020000,84.3,3622,3
6570000,65,2231,3
3230000,33,1432,2
3700000,38,1308,2
3730000,34.2,1482,2
3475000,30,1212,1
4250000,45,2825,2
9200000,98,4951,3
7e+06,80,3613,3
3200000,49,4537,2
10500000,104,5680,4
8500000,80,4445,3
3925000,39,1960,2
6e+06,76.5,4037,3
4995000,65,3172,2
3550000,45,1757,2
4260000,46.5,2042,1
4e+06,58,2349,2
5200000,71,3268,3
5e+06,51,3350,2
3e+06,42,2470,2
2600000,27,824,1
4750000,61,3114,2
3295000,31,660,1
7250000,75,2663,3
4400000,61,3082,2
7e+06,67,1962,2
6220000,64,4518,3
6800000,67,2432,3
6e+06,83.5,3532,3
3950000,46,2116,2
3350000,37,1994,2
3275000,34,2433,1
5550000,54,3607,2
5200000,55,2303,2
2695000,34,1847,1
12800000,118,4369,4
6100000,81,4195,3
3450000,37,2252,2
10800000,117,3411,4
4400000,54,2520,2
2550000,23,2042,1
2950000,36,2134,1
7500000,70,2541,3
6700000,89,3158,3
3570000,35,1365,1
3600000,31,1665,1
8200000,97,6365,4
2840000,28,1560,1
8960000,71,1707,3
3530000,37,1916,2
5100000,56,2583,2
17800000,175,5310,5
3600000,45,3375,2
4650000,59,3639,2
15100000,177,5183,5
5200000,76,4520,3
3600000,40.5,2781,2
7350000,82,4256,4
3025000,38,1756,2
4795000,67,2694,2
4550000,40.5,2317,2
8500000,107,6020,4
6500000,77,3703,3
11775000,109,4196,3
2425000,30,2176,1
3175000,31,2286,2
6300000,63,2304,2
3550000,30,1616,1
3600000,40,1903,2
4100000,49,2777,2
7100000,70,2673,3
3550000,33,1866,1
7500000,98.7,3587,4
4900000,48,866,2
5150000,73,3801,2
5400000,80.5,3635,3
4050000,36,2060,2
10400000,130,5099,4
4250000,37,1827,2
9550000,95,4938,3
2700000,22,1244,1
2495000,33,2198,1
10800000,145,4904,5
7300000,81,2810,3
5100000,54,1730,2
2800000,39,1947,2
4900000,57,3837,3
6600000,70.5,3702,3
6025000,59,1699,2
1e+07,78,3785,3
2575000,24,1273,1
3650000,38,1485,2
5850000,58,2393,2
4400000,51,2960,2
4100000,50,3275,2
2850000,32,1946,2
4e+06,41,1727,2
3650000,34,1363,2
2850000,32,781,1
3420000,32,1699,1
2610000,28,1538,1
10100000,134,5645,5
7700000,96,4962,4
4310000,47,2448,2
4550000,51,3559,2
3260000,31,2279,1
6350000,90.3,3491,3
7800000,88,4292,3
3200000,39,2304,2
5e+06,60,3536,2
5e+06,64,2754,2
3600000,34.7,1953,2
8225000,80,4788,3
2890000,28,1208,1
6120000,57,2168,3
4250000,44,2742,2
10250000,85,4527,3
9700000,82,4527,3
4700000,41,1751,2
5920000,74,2277,3
6750000,66,2969,3
4330000,38,2009,2
7710000,104,5536,4
7400000,92,4701,4
5e+06,50,3149,2
10295000,103,2930,4
3030000,31,1884,2
2700000,34,2648,2
2700000,26,1543,1
2870000,27,1486,1
4025000,41.5,1836,2
4220000,39,2076,2
2875000,27,1256,1
3075000,29,1546,1
2550000,21,389,1
3370000,37,1992,1
3950000,49,2703,2
2685000,25,1282,1
4300000,52.5,3442,2
4700000,62.5,2944,2
2800000,28,1307,1
4310000,60,3168,3
2945000,29,833,1
6200000,66,3545,3
5550000,60,3789,2
4800000,51.5,2466,2
3e+06,30,1694,1
3250000,37,1709,2
22300000,168,8518,6
2975000,38,2319,1
9800000,80,4055,3
4570000,50,3100,2
3870000,53,2247,2
2375000,26,1638,1
8500000,74,4056,3
4356000,42,1020,2
2450000,19.5,462,1
6150000,60,1815,3
4610000,48,3307,2
3450000,38,2130,1
3900000,46,2439,1
3050000,34,1741,1
2750000,33,1739,1
10800000,115,2009,4
3750000,34,1304,2
5800000,63,2781,2
5e+06,69,4597,2
4650000,60,4553,2
2600000,25,659,1
5700000,60,2802,2
3500000,42,2573,1
2250000,29,1664,1
4700000,53.5,4026,2
8700000,87,4860,4
4100000,35,1001,2
5750000,68,3215,2
2650000,28,1373,1
2710000,23,2011,1
2495000,23.5,1380,1
3355000,40,2219,1
4050000,42,1723,2
6500000,58,2160,2
6010000,75,3308,2
6900000,69,2467,2
3e+06,39,2073,2
1e+07,87,1404,3
8950000,79,4611,3
6e+06,59,927,2
4650000,40,900,2
5700000,62,1131,2
5100000,55,3299,2
4790000,53,2430,2
7125000,65,2966,2
9200000,102,3433,3
5750000,86,3411,3
4100000,65,3729,3
11600000,116,3782,3
7395000,62,2240,3
3720000,41,2208,2
5850000,72,3825,3
2200000,19,1917,1
5550000,61,1177,2
5200000,54,2551,3
3900000,41.5,2105,2
4900000,58,2499,2
4495000,56,3233,2
3900000,39,1079,1
4400000,40,1030,2
3900000,49,2801,2
3100000,33,2039,2
4500000,57,3245,2
4200000,41,135,2
9500000,78,3026,2
5270000,55,2718,2
4750000,61,3497,2
4100000,49,2222,2
8100000,82,3384,3
5100000,54,2600,2
5400000,64,1948,2
3600000,48,2271,2
2895000,37,1310,1
11500000,103,4561,5
5050000,70,1968,3
2810000,19,1298,1
5050000,64,3403,3
2700000,31,2431,1
4120000,30,2089,2
6300000,68,3521,3
5500000,52,1939,2
3650000,48,2996,2
2800000,38,2198,2
4750000,56,3099,2
7160000,96,5310,4
2800000,25,1635,1
7450000,57,3755,2
2950000,26,1948,1
3900000,34,2159,2
6500000,59,2933,3
4900000,60,4220,2
6400000,52,2294,2
4500000,49,2222,2
6350000,70,3092,3
7800000,84,4251,3
3565000,44,2070,1
5800000,68,4166,3
4e+06,44,2460,2
2800000,28,1265,1
1e+07,118,6174,4
6275000,63,1515,2
12600000,108,2019,4
3820000,42.5,1826,2
4620000,41,1301,2
9700000,97,4130,4
3030000,30,838,1
3275000,47,2789,3
4400000,48,1948,2
4035000,50,3357,2
6250000,82,3756,3
5195000,87.5,4049,3
5150000,58,3455,2
8360000,85,5265,3
3700000,52,2670,2
2500000,24,1731,1
3515000,34,2074,2
2940000,26,1817,1
3200000,37,2385,1
3500000,40,2291,2
4900000,60,1426,2
2740000,30,1565,1
6100000,68,3853,3
2800000,35,1431,1
4500000,36,1930,2
5610000,60,2890,2
7450000,82,3599,3
3370000,34,2778,1
4e+06,51,3101,3
4260000,57,3686,3
2870000,29,1546,1
10925000,102,5711,4
5810000,77,4320,3
3600000,38,1509,2
6250000,57,3593,2
7150000,68,2722,3
3325000,39,2939,2
5150000,59,2763,3
9600000,93,828,3
3800000,56,2496,2
5500000,68,2916,3
3300000,33,1496,1
2310000,21,1276,1
3225000,44.2,2990,2
3750000,45,2215,2
5100000,54,2622,2
5900000,78.5,4525,3
5500000,85,3533,3
3250000,44.2,2990,2
6800000,96,3529,3
4820000,56,2138,2
3090000,31,1922,1
5600000,43,1678,2
4460000,65,2799,2
5500000,57.3,2547,2
4550000,55,2111,2
5760000,64,3549,2
5300000,77,3481,2
15100000,138,4341,4
3610000,34,1660,1
4310000,57,2723,2
3950000,49,2154,2
3475000,34,2296,2
2750000,26,1160,1
9110000,89,4015,4
5950000,56,2561,2
2500000,22,1736,1
5285000,63,1633,3
2950000,29.5,2490,1
12225000,102,3219,4
11700000,136,6472,5
1e+07,80,2352,3
5e+06,59,2083,2
5100000,52,2038,2
2900000,34,2307,1
9650000,100,5333,3
2800000,28,1524,1
9450000,111,5120,4
4800000,44,2226,2
5500000,58,3688,2
3470000,35,2302,1
5e+06,33,1560,2
3200000,37.5,2349,2
3600000,39,1568,1
4275000,45.5,2185,2
6075000,62,2444,2
3750000,39,2379,1
5300000,72,3553,3
7700000,80,4499,3
3830000,33,1984,1
7010000,100,4659,3
4e+06,47,2670,2
4505000,61,2303,2
9700000,101,4016,4
2850000,33,2028,1
3650000,46,2921,2
6850000,65,3329,2
5200000,58,3480,3
4125000,59.5,3440,2
7600000,76,4284,3
5625000,65,2763,2
7500000,91,3857,3
5050000,46,2537,3
4050000,40,2257,2
3890000,43,2280,2
10850000,111.5,4396,4
11600000,106,2278,4
5600000,46,2038,2
2950000,36,1496,1
3e+06,27,1536,1
3600000,32,240,1
4150000,39.5,3129,2
6050000,57,1509,2
2300000,24,1297,1
8150000,70,3088,3
3750000,40.5,2017,2
7625000,72,1775,3
3850000,48,1977,2
4250000,34,570,2
7600000,71.8,2219,2
6070000,70,2957,2
2850000,40,2661,2
5200000,60.5,3959,2
2625000,26,2265,1
6500000,79,4687,3
9810000,115,4216,5
7800000,84,4918,3
3130000,32,1839,1
3975000,55,3047,3
6e+06,48,1798,2
3720000,35,2110,1
7300000,114.5,7868,5
5900000,55,3218,2
6900000,73,4573,3
5800000,60,1572,2
5700000,68,4024,3
5e+06,58,2900,2
2950000,34,2395,2
1e+07,97,4298,4
5350000,55,2807,2
6450000,68,3140,3
10200000,118.5,7219,5
2300000,19,1112,1
12700000,112,5666,4
6785000,70,3605,3
3500000,29,1479,1
4100000,38,1515,2
4225000,45,2091,2
3500000,36,852,1
6500000,74,3214,3
3100000,32,1350,1
6800000,89.5,3181,3
3565000,33,1797,2
4400000,51,2845,2
3800000,33,2248,1
4300000,62,3769,2
6e+06,77,3481,2
6500000,72,4864,2
4400000,63,3341,2
3050000,45,2511,2
17700000,154,4041,4
9470000,80,2150,3
4150000,39,2798,2
4850000,63,2784,3
4200000,37,1716,1
5370000,63,3239,3
2e+07,154,8865,6
8530000,89,3165,3
5100000,52,2269,2
3150000,25.5,1250,1
10850000,107,4090,4
7850000,91,4389,4
2750000,27,1537,1
9210000,102,3894,3
8900000,102.5,4842,4
4770000,52,3379,2
4515000,55,2230,2
5850000,62,3437,3
2790000,33,2227,1
7250000,67,3673,3
3500000,42,2205,2
2995000,39,2231,2
3830000,41,1228,1
6600000,74,2447,3
5500000,57,2823,2
4400000,44,2283,2
4225000,43,1953,2
3900000,41,2338,2
4525000,55,2862,2
3220000,35,1493,1
4700000,80.8,3595,3
3e+06,30,1610,1
3550000,36,862,1
3180000,31,2019,1
3250000,39,1841,2
4725000,50,2379,2
4200000,65,2799,2
2870000,37,1865,1
6775000,75,3729,2
6825000,76,3179,3
3125000,35.5,2387,2
5025000,65,4231,3
2575000,25,1454,1
9045000,140,6077,4
3550000,39,2000,2
5400000,55.6,3245,2
9700000,88,2722,4
11900000,90,3593,3
5775000,62,1477,2
1.7e+07,149,6958,5
10775000,105,3040,4
3970000,44,2283,2
15750000,157,8273,5
5800000,56,3536,2
14650000,145.4,4913,4
8150000,94,3712,3
3800000,36,2404,1
5550000,57,2949,2
13650000,128,4320,4
8e+06,80,3203,3
6150000,52,996,3
11800000,116,5244,4
3535000,46,2497,2
4840000,51,2368,2
6450000,65,2521,2
7160000,74.1,2891,3
3780000,51,4031,2
3280000,37,1673,1
6300000,87,3608,3
4800000,34,1765,2
6240000,55,2956,2
5500000,56.5,3489,3
4400000,43,2038,2
8200000,89,5004,4
2310000,16,1216,1
6640000,83,4309,3
8530000,85,2098,3
3920000,46,2385,1
5850000,73,3557,2
9050000,83,2728,3
4350000,55,3317,2
9650000,104,5075,4
7810000,81,2386,3
4850000,74,2281,3
4320000,50,1731,2
3720000,38,1597,1
3400000,37,1899,1
2950000,34,2223,1
5800000,65,3288,3
5200000,53,164,2
2250000,19,1917,1
9500000,83,3744,3
7925000,84,2640,3
3600000,30,1918,1
3350000,31.5,2688,1
3800000,42,2407,2
5500000,69,2825,3
3500000,42,2249,1
9e+06,84,3116,3
3750000,50,3216,2
5070000,51.5,2466,2
3300000,37.5,2348,1
5650000,59,3433,2
4450000,41,964,2
3430000,38,1452,1
5775000,62,2599,3
4550000,40,2159,2
6200000,59,2521,2
3550000,38,1501,2
13850000,126,4856,5
4200000,51,2750,2
8450000,105,4888,4
13500000,104,5420,3
8300000,89,3331,3
5e+06,65,2812,2
3450000,28,628,1
15700000,145,6032,5
7910000,80,4445,3
3100000,33,1777,1
2750000,35,2041,1
13250000,117,1004,4
6100000,74,3990,3
4250000,55,3244,2
3400000,31,1016,1
3850000,38,2716,2
4835000,34,1178,2
4400000,43,2321,2
7550000,82,4274,3
5730000,58,3688,2
3025000,35,2060,1
4050000,37,2080,2
2800000,28,1442,1
11400000,97,3930,3
2950000,28,1104,1
3275000,36,2062,2
4400000,43.5,1811,2
5580000,59,3066,2
1.1e+07,102,5347,3
3300000,30,1506,1
4160000,35,1917,2
5375000,50,1128,2
9425000,64,2319,3
8165000,72,3464,3
3685000,32,2077,2
5610000,84,4261,3
3300000,30,1500,1
6150000,74,3348,2
9260000,81,2900,3
2800000,22,1559,1
6850000,78,4144,3
4400000,44,2941,2
6800000,84,2306,2
2700000,25,1527,1
9430000,85,3833,3
6750000,71,1355,3
5400000,52,3179,2
6330000,65,3387,2
5900000,61,3086,2
5600000,79,3384,3
4905000,55,2222,2
6410000,74,3376,2
3930000,46.5,3653,2
6700000,65,2042,2
3800000,34,1740,2
4250000,39,2086,1
4500000,46.5,443,2
2300000,17,895,1
5955000,56,2407,2
4500000,52,2243,2
8100000,103,6119,4
6500000,59,3657,2
6550000,81,3727,3
3050000,30,840,1
8650000,85,3881,3
6200000,67,3100,3
4300000,63.5,3175,2
7200000,86,3537,3
8250000,68.2,3342,3
6175000,58.2,2693,2
4850000,62,2850,3
3100000,28,1694,1
21500000,184,1230,6
2975000,32,1549,1
4500000,53,3179,2
1.9e+07,120,4176,4
3780000,36.5,1890,2
7950000,103,4378,4
5780000,73,4578,2
3400000,35,1980,1
20600000,167,6653,6
2800000,32,1445,1
2750000,27,1670,1
17200000,135,5804,5
3500000,36,1547,1
9500000,94,3604,4
8150000,73,3309,3
9800000,88,3274,3
27900000,186,5317,5
1.4e+07,109,4939,4
6550000,57,2576,2
6e+06,71,3805,4
2850000,33,1788,1
3320000,35,2072,2
9100000,89,5215,4
8300000,107,5554,4
2500000,25,1527,1
3050000,25,1009,1
7e+06,101,4113,4
2750000,26,1797,1
6300000,67,2662,2
4400000,47,1869,2
3320000,37,2737,2
3400000,39,2193,2
5750000,62,3360,2
11500000,109,6223,3
6600000,66,1613,3
4e+06,32,810,1
5300000,54,2807,2
3150000,28,1178,1
2850000,27,1558,1
3100000,27,1249,1
4275000,56,2674,2
5010000,63,3354,2
3325000,30,2111,2
4e+06,50,2760,2
4510000,56,2667,2
4e+06,35,1626,2
4040000,52,2718,1
8050000,68,3181,3
11500000,99,2805,4
3800000,43.2,2046,2
6870000,81,3034,3
3320000,44,2943,2
4200000,43,1491,2
5250000,50,1128,2
2600000,16,424,1
8100000,79,5706,3
6600000,72,4207,3
4125000,46,2794,2
4020000,42,2060,1
8550000,89,3320,3
2750000,23,1220,1
2695000,23.5,1260,1
2595000,23,1220,1
8750000,86,2673,4
3220000,41,2040,1
6650000,63,2753,2
2600000,24.5,1374,1
4200000,37,1150,2
2850000,28.5,1903,1
7130000,67,2809,3
4400000,46,2062,2
7200000,114,6640,5
11400000,125.2,4125,4
3360000,40,2260,2
5700000,56,2591,2
3950000,42,2333,2
8200000,85,3756,4
4650000,46,2024,1
5215000,57,2217,2
2800000,24,1382,1
4925000,53,2993,2
7575000,82,3542,3
10500000,85,4966,3
5025000,57,4512,2
4630000,45,1674,2
5950000,61,3409,3
9250000,101,5215,4
4200000,44,3071,2
4850000,56,2800,2
2910000,28,1795,1
3500000,43,2337,2
3830000,37,2145,2
7600000,95,3503,4
5260000,53,1514,2
3100000,33,1968,1
7525000,64,2763,2
2.5e+07,211,7965,5
3600000,42,1173,1
6750000,55,1634,3
1.5e+07,127,4374,4
3350000,29,1910,1
5900000,58,2394,2
4360000,44,2043,2
2995000,27,1873,1
7500000,73,4089,3
3250000,29,1848,1
4100000,36,742,2
9050000,99,3944,3
5540000,56,2601,2
2495000,24,1346,1
2695000,23.5,1260,1
2395000,21.6,1181,1
2595000,23.4,1220,1
3350000,31.1,1536,2
2595000,23.4,1220,1
2495000,24,1346,1
3e+06,35,2510,1
3500000,31,823,1
5870000,59,3573,2
3e+06,37,2115,1
4400000,44,2182,2
4250000,44,2337,2
9200000,78,854,3
7120000,80,4195,3
4600000,48,1319,2
6260000,52,1381,2
3010000,22,1036,1
4010000,49,2177,2
2830000,31,1406,1
3210000,42,2565,1
3320000,36,2905,2
4530000,40,3172,2
11600000,111,4238,4
2750000,22,1094,1
3800000,48,2995,2
7700000,82,3305,3
6450000,56,2699,2
7185000,63,2987,3
11800000,125,4523,4
4900000,57,2480,2
5500000,72,4183,3
7300000,75,3111,3
7200000,69.5,3234,2
3140000,42,2494,2
3400000,33,2181,2
2800000,25.5,1258,1
4400000,49,2221,2
2750000,25,1737,1
4500000,62,2993,2
4275000,54,3489,2
7600000,80.5,3904,3
4950000,49,2856,2
6630000,56,2561,2
3060000,19,1298,1
4600000,54,2061,2
4400000,47,2757,2
7840000,84,4010,3
9925000,97,3748,3
5200000,70,3914,2
6375000,60,3086,2
3e+06,41,1323,1
5600000,68,3425,3
4150000,40,760,1
5735000,59.8,3532,2
4750000,53,2453,2
3500000,42,2213,1
7900000,79,3026,3
6850000,85,4689,3
6100000,66,2606,2
6500000,51,2023,2
4180000,34,989,2
3920000,39.5,2407,2
4825000,51,3057,2
3950000,42,2585,2
2850000,30,874,1
8500000,65,3194,3
3700000,30,1208,1
5e+06,42,1844,2
5900000,77,4812,3
7450000,81,2803,3
2400000,22.5,1069,1
2860000,25,2206,1
8300000,97,5500,4
3105000,41,2836,2
2600000,19,1679,1
3400000,43,2459,2
3400000,39,2000,1
2950000,36,1438,1
8e+06,70,2756,3
7e+06,79,3764,3
8500000,85,4869,4
3575000,40,2167,2
2950000,43,2214,1
5575000,59,3413,2
5600000,56,1993,2
3100000,37.5,1782,2
7600000,71,3984,3
7300000,71,5226,3
5900000,57,1111,2
3150000,40,2175,1
2250000,16,928,1
4250000,44,2580,2
8100000,65,3950,3
5200000,60,2235,3
3400000,30,1458,1
3012500,34,1380,1
4250000,38,908,1
3400000,44.2,2941,2
1e+07,80,4459,3
7025000,75,2865,3
4625000,48,1860,2
9300000,99,2455,3
10200000,84,1711,3
6125000,65,3648,2
3360000,38,2123,2
3600000,40,1689,2
2700000,33,2601,1
3300000,31,2279,2
1.4e+07,107,4359,5
4e+06,46,2484,2
4025000,38,1848,2
4600000,49,2153,2
7740000,86,4376,3
7080000,77,4273,3
3700000,35,2020,2
3200000,41,2260,2
3700000,34,2435,2
6875000,66,1902,3
9720000,106,4734,3
5760000,63,3297,2
3135000,38,2025,2
4070000,39,2083,1
3500000,40,3017,1
3350000,38.5,2700,2
2900000,24,1337,1
2430000,28,1881,1
5820000,66,3235,2
4310000,47,2032,2
3400000,37,2337,1
6e+06,67,2401,2
3500000,31,1278,1
4520000,48,2456,2
3800000,44,2166,2
3650000,35,2050,1
2775000,24,1665,1
5225000,50,2823,2
8595000,80,5874,3
3700000,54,2387,2
6125000,78.5,3244,3
3e+06,40,2661,2
2940000,34,1934,1
2825000,28,1810,1
2675000,28,1605,1
2940000,35,2510,1
5300000,52,2542,2
3345000,35,1568,1
6900000,97,4424,5
3010000,28,1796,1
5675000,67,2427,2
3920000,44,2656,2
5600000,66,3064,3
8e+06,85,4450,3
5400000,62.5,3204,2
4640000,41,1859,1
4850000,49,3526,2
6e+06,60,1010,2
1.6e+07,133,4022,4
2255000,22,1271,1
3250000,42,2641,1
4100000,58.5,3715,2
2650000,22,1673,1
8300000,90,4500,4
6800000,84,4998,4
4650000,66,3443,3
7600000,102,5601,4
3e+06,34,1863,1
7200000,74,3011,2
2850000,28,2355,1
5200000,43,1806,2
3060000,42.5,1756,2
10660000,111.2,3748,3
4310000,56.5,2825,2
4320000,46,1965,2
3500000,37,1946,2
11600000,114,5433,4
3100000,33,1819,1
4500000,42,912,2
2960000,30,1534,1
6695000,65,1837,2
7090000,66,2454,3
3265000,34,2011,2
1.2e+07,122,6400,4
4095000,43.5,2134,2
8400000,80,3954,3
3900000,40,2443,2
3420000,40,2467,1
7200000,67,2605,3
5400000,56,3059,2
4900000,54,1137,2
2850000,24,1714,1
6330000,58,3167,2
3200000,39.5,3028,2
4925000,62,2153,2
5275000,60,1775,2
5600000,58,2588,2
7200000,67,2894,3
6400000,57,3958,2
4450000,38,780,2
3040000,28,1762,1
7210000,63.3,1684,2
3200000,30,1317,1
3900000,35,1740,1
3050000,35.5,2073,1
5300000,56,2801,2
4430000,48,2348,2
4750000,40,1210,2
4625000,39,2134,2
7225000,63,2502,3
4900000,43,829,2
6500000,56,1610,2
3925000,35,1843,2
3700000,39,2721,2
4550000,49,2241,2
6900000,83,3495,4
3300000,25,787,1
4510000,49,577,1
4e+06,36,2212,2
6900000,73,4766,3
6215000,54,1769,2
2910000,38,2615,2
3300000,24,1513,1
4200000,46,3033,2
4650000,50,2500,2
2250000,21,1276,1
8650000,85,3533,3
3400000,37,1790,1
3600000,35,1750,2
4225000,35,973,1
4400000,36,2906,2
3817500,42,2415,2
3250000,32,2214,1
8700000,79,1457,3
5e+06,47,2292,2
10200000,85,4966,3
7e+06,71,3927,3
10300000,110,6557,4
3150000,34,2434,1
4500000,62,3727,2
4400000,49,2691,2
9600000,100,5325,4
3400000,29,1465,1
2900000,27,1419,1
6870000,80,4700,4
6300000,85.1,4005,3
8900000,72,3319,2
3950000,43.5,2134,2
5300000,44,2200,2
3095000,39.5,2991,2
3400000,36,1885,1
9400000,87,4500,3
6350000,70,1288,3
5810000,73,1776,3
7900000,94,6574,4
4900000,52,1937,2
3110000,30,2369,1
3450000,36.5,2302,1
5800000,87,3746,3
3050000,40,2661,2
3050000,43,2295,1
5575000,57.2,3211,2
3375000,33,1816,2
5150000,58,2991,2
4170000,58,3302,3
2950000,31,1911,1
5160000,63,3297,3
4550000,40,1867,2
6750000,75,3020,3
3400000,46.5,2779,2
3800000,37,1654,1
3310000,34,704,1
15260000,143,6132,5
10500000,80,2536,3
3700000,37,2244,2
7e+06,77,3861,3
4950000,59,3194,2
6700000,57,3593,2
2610000,17,949,1
3850000,38,2290,2
3500000,34,2778,2
3800000,52,2774,2
10450000,105.2,3669,5
3300000,28,1123,1
7050000,91.5,3573,4
7200000,87,4541,3
4550000,62,3727,2
3220000,26,1525,1
4700000,58.5,2290,2
6930000,82,2001,3
6360000,59,2898,2
3450000,36,2019,2
8600000,107.5,3974,5
12800000,129,6988,5
4175000,46.5,1930,2
9630000,123,4853,5
3300000,36,2077,1
5925000,47,1428,2
3625000,40,2129,2
5675000,63,3078,2
3005000,34,1934,1
7200000,73,3719,3
7300000,73,3517,3
5860000,48,1678,2
4050000,35,2673,2
4400000,57,3390,2
5700000,72,3641,2
3820000,41,2272,2
3875000,34,2094,2
4020000,44,2588,2
8200000,94,5218,4
4375000,40,1662,1
6600000,71,3598,3
4e+06,51,2922,2
4350000,47,2952,2
5225000,53,1707,2
6050000,58,1483,2
7400000,69,2207,2
3970000,47,2139,2
9800000,90,3354,3
9650000,98,2563,4
6025000,60,2551,2
10800000,89,3558,3
3120000,44,2620,1
3225000,37,1979,2
5850000,60,3413,2
10200000,101,4483,4
3300000,35,1480,1
10400000,135,4981,4
9851000,89,2727,3
3220000,32,1302,1
3650000,38,1748,2
6350000,78,4529,3
3850000,49,3733,2
3550000,36,1949,1
7050000,82.5,3640,3
4035000,40.5,2062,2
17200000,163,5705,5
6450000,66,3224,3
4100000,51,2884,2
5750000,61,3222,2
7570000,74,2733,3
8e+06,83,4155,3
5e+06,48,2526,2
8310000,101,4473,5
5950000,59,2941,2
3350000,44,3222,2
2500000,26,1438,1
2870000,24,2093,1
4050000,37.3,1563,2
2800000,25,1151,1
9400000,74,3527,3
3450000,41,2153,2
2830000,20,1371,1
7600000,81,4424,3
6150000,55,1911,2
8900000,89,3716,3
5500000,51,2710,2
4375000,38,1878,2
3940000,37,1597,2
4300000,54,2575,2
5075000,56,2866,2
4570000,52,2600,2
5500000,32,1989,2
11900000,166,3603,4
10900000,110.5,4395,5
4100000,53,3210,2
2930000,20,1371,1
3325000,38.5,2003,1
9700000,88,3787,3
5425000,68,5216,3
9500000,85,3793,3
3510000,39,985,1
12200000,102,4655,3
14100000,107,5236,3
8675000,108.5,3925,4
4650000,39,1215,2
2700000,30,2616,1
4110000,39,1447,1
10600000,81,3943,3
5600000,52,1600,2
6660000,55,2575,2
2775000,37,1885,1
3250000,24,1216,1
5250000,54,2900,2
9900000,102,4060,3
2900000,36,1453,1
13615000,122,2997,4
7425000,63,2578,3
6e+06,71,3987,3
3450000,33,1999,2
5500000,54,1952,2
9950000,119,5384,5
3430000,30,1995,1
11380000,101,4656,4
10100000,92,3099,3
3450000,39,2000,1
3340000,29,2114,1
2650000,26,1773,1
4080000,35,1293,1
4500000,51.5,2534,2
3850000,43.5,1861,1
6100000,81,3834,3
3400000,37,1343,1
3200000,31,1988,1
2870000,26,1452,1
3070000,30,1594,1
6425000,57,1845,3
5500000,57,3774,2
5725000,60,3011,2
7610000,66,2358,2
4550000,48,2638,2
5495000,63,1653,2
5320000,52,2665,2
6650000,58,2328,2
13500000,104,4125,4
4550000,51,3031,3
6840000,81,2949,3
4225000,39,1796,1
1.5e+07,133,3176,4
13500000,98,2284,3
1e+07,102,4984,3
5495000,50,1895,2
5820000,75,3268,3
23150000,163,5841,5
6475000,50,2149,2
7250000,63,2802,2
6025000,66,2748,2
9300000,76,2939,3
3800000,33,1774,2
3650000,32,3615,1
7600000,85,4936,3
7360000,71,3668,3
3400000,26,1963,1
6100000,58,2106,2
5250000,48,1904,2
4e+06,35,1783,1
2650000,24,1425,1
3650000,45,3369,2
7400000,84,4998,4
2825000,26,1664,1
6400000,70,3609,3
4750000,43,2183,2
3550000,40,2788,1
3400000,33,1984,1
1e+07,134,5735,4
3450000,38,1974,2
4300000,45,2091,2
6910000,76,2825,2
4400000,56.5,3764,2
4150000,42,2130,2
5800000,58,3040,2
9350000,83,2572,3
13550000,110,3888,4
5700000,71,3987,3
2700000,38,2673,2
2960000,30.5,1946,1
4510000,49,3778,2
2800000,23,1211,1
6275000,71,3912,3
9550000,71,3634,3
20250000,244,7638,6
4220000,38,1821,1
8305000,102,5724,5
3400000,39.5,3071,2
9250000,108,5080,4
5200000,60,2747,2
5850000,52,2144,2
2670000,21,1268,1
3900000,42,2713,2
4100000,28,1293,1
3125000,29,1956,1
6500000,69,3324,2
8100000,93,3071,3
6650000,63,3572,3
4600000,53,2906,2
3150000,38,1219,1
11600000,108,3902,4
3150000,34,1743,1
7300000,67,2319,2
5800000,65,2262,2
3800000,35,1698,1
4695000,53,2608,2
7350000,78,2283,2
2980000,24,1254,1
7950000,99.5,3633,4
20500000,139,4872,5
4900000,45.8,1953,2
4850000,54.4,3017,2
2750000,21,1070,1
2930000,36,1446,1
7750000,95.5,3503,4
18200000,154,6008,5
3725000,46,3065,2
4430000,45,2571,2
7e+06,76.5,4108,3
3300000,38,2112,2
5450000,57,3440,2
2860000,27,1715,1
5600000,63,2511,2
8900000,109,5916,4
3500000,31,1234,1
2980000,26,1142,1
6650000,81,4112,3
4200000,48,1818,2
8e+06,102,2995,4
7200000,72,4738,3
6800000,97.5,6279,4
4e+06,42,1879,2
8900000,83,1015,3
3750000,46,2937,2
3600000,41.5,1785,2
5150000,57,2292,2
6650000,57,2914,2
4600000,75.9,3350,3
8750000,76,3876,3
7500000,66,2983,3
4280000,38,2332,2
6100000,60,3056,3
8500000,74.5,2997,3
2720000,26,2195,1
6700000,93,2893,3
4175000,45,2091,2
5900000,78,2537,3
2800000,28,1578,1
4120000,50,2336,2
3050000,33,2220,2
5100000,57,2949,2
6350000,68,3246,3
6600000,134,8143,3
10700000,120,3799,4
3330000,34,2107,1
8400000,101,6668,3
3330000,38,1960,1
9600000,74,3402,2
4850000,66,2530,2
5900000,50,1308,2
6450000,86,4069,4
6070000,69,3070,2
4470000,42,1878,2
2450000,24,1461,1
11400000,97,4877,3
4400000,65,3334,2
6670000,68,2170,2
7450000,68,3091,3
8350000,104,5295,4
9375000,84,3352,3
3450000,39,2453,2
6e+06,61.1,2719,2
6050000,65,3073,2
4750000,58,2747,2
3490000,38,2137,2
5200000,46,1524,2
3900000,32,1627,2
4650000,50,2700,2
3050000,42,2468,2
3200000,35,1685,1
4090000,45.5,2219,1
6740000,84,3760,3
4800000,60,2570,2
7325000,89,4677,3
7500000,88,4875,4
4925000,64,3174,3
5600000,76.5,4568,3
5160000,82,3856,3
7200000,84,3883,3
2950000,27,1715,1
2850000,24,1740,1
5850000,54,2373,2
4500000,40,2658,2
2825000,27.5,1616,1
6450000,64,4698,3
3725000,38,2335,2
2100000,17,1745,1
12600000,102,4072,3
14600000,117,4741,4
10540000,114,4381,5
5940000,67.4,2919,2
5900000,75,3531,3
5e+06,45,2163,2
7950000,74,2315,3
2600000,23,1638,1
10250000,86,3593,3
3570000,38,1907,1
3200000,31.5,1968,1
6080000,59,1869,2
8e+06,101,5297,3
3950000,48,1600,2
6940000,83,3771,4
11900000,120,5578,4
6400000,58,2315,2
3250000,26,1426,1
4760000,46.5,1932,2
4e+06,40,1960,2
5950000,64,3252,2
3120000,36,2187,1
3915000,43.5,2134,2
5375000,63,3215,2
4125000,34,1142,1
11550000,104,4693,4
8300000,95,6718,5
5550000,59,2992,2
3660000,33,1235,1
3800000,37.5,1646,2
3235000,38,2046,1
4e+06,42,2036,1
4985000,50,2169,2
3450000,46,2472,2
4300000,46,2263,2
3925000,49,2257,2
7200000,76.5,3386,3
4800000,36,1371,2
6e+06,58,2905,2
6280000,54,1960,2
3080000,37.5,2051,1
6700000,58,1558,2
7100000,79,4342,3
6800000,68,3906,3
4600000,41,1411,2
12650000,117,4536,5
4750000,67,3248,3
3650000,41,1738,1
7400000,63,2778,3
4725000,65,3981,2
2940000,27.5,971,1
3175000,28,64,1
7725000,118,7238,5
3190000,30,1715,2
2675000,29,1235,1
4300000,43,1541,2
7525000,80,3981,3
7900000,84,2750,3
7500000,102,5601,4
3350000,44.2,2941,2
3075000,36,1684,1
7700000,77,2996,3
13500000,151,6652,5
5350000,60,2628,2
9100000,76,2935,3
2.2e+07,143,4127,5
5e+06,69,3095,2
7900000,103,4378,4
2850000,26,2253,1
9350000,102.8,3613,4
6600000,85.5,4089,3
7700000,73,1793,3
8300000,46,2300,2
2500000,25,1452,1
3350000,46,2427,1
2950000,43,2218,1
4050000,56.8,3538,2
15900000,125,4603,5
16650000,206,6611,5
11250000,149,7642,5
5400000,50,2035,2
3e+06,40,2427,2
3900000,38,2152,2
8400000,71,1838,3
5200000,47,2500,2
5e+06,57,2607,3
5925000,69,3018,3
3910000,50,3357,2
5200000,72,4108,2
5900000,60,2532,2
6900000,75,2887,3
4700000,62,1586,2
6080000,62,2530,2
5810000,66,3147,3
4300000,44,2904,2
6100000,64,4314,3
3100000,25,950,1
6400000,63,3157,3
3800000,39,2664,2
5550000,58,2506,2
2995000,29,1812,1
2975000,32.7,2271,2
3950000,45,1751,2
7400000,93,4466,3
9500000,85,2075,3
3375000,33,1468,2
3300000,25,946,1
6100000,69,3524,2
2660000,26,919,1
4e+06,48,2712,2
4700000,40,1866,2
4250000,47,1244,1
3400000,40,2169,1
7650000,86,4200,3
4225000,46,2337,2
5e+06,50,2379,2
3235000,31,1901,1
4300000,48,2257,2
4020000,47,1705,2
4500000,67,3436,2
6050000,81,3999,3
2775000,38,2480,2
5800000,65,3743,3
9200000,92,2668,3
3850000,37,1769,2
12700000,103,3725,3
7600000,78,4767,2
4545000,46,1917,2
5990000,52,2853,2
6e+06,62,2826,2
12325000,86,3403,4
5850000,57,2534,2
5350000,59,2861,2
3700000,33,1815,1
5650000,55,2240,2
3450000,35,2614,2
4020000,48,3321,2
3380000,36,1347,1
3450000,41,2260,2
4700000,57,3288,3
5350000,69,2653,2
9500000,108,4417,4
2925000,31,1864,1
10825000,88,3869,4
8e+06,69,1825,3
5545000,69,5057,3
5900000,67,3979,3
10100000,96,5424,4
5e+06,47,2456,2
4400000,39,2023,2
2925000,29,2146,1
4200000,34,1235,1
7160000,90,5695,3
5230000,67,2670,2
4050000,45,1859,2
2800000,40,2073,1
6055000,60,2254,2
3425000,35.6,1562,1
6675000,67,1644,3
3130000,33,2128,1
9500000,94,3604,4
3720000,46,3642,2
4950000,53,2202,2
3760000,37,1907,2
4500000,50,2019,2
4950000,54,2225,2
2925000,38,2233,2
2950000,21,1074,1
4500000,57,3236,2
6e+06,71,3217,2
4700000,41,1767,2
11200000,93,4050,3
3230000,35.5,2315,2
14600000,146,1118,5
8260000,66,3854,2
7225000,73,3527,3
9075000,93,2915,3
4175000,53,2683,2
2740000,23,1102,1
3200000,25,1163,1
5150000,68,2962,3
10500000,107,3960,5
8100000,75,2696,2
3e+06,37,2550,2
3030000,28,1663,1
4950000,69,3823,3
16900000,138.5,8424,6
8725000,109,6686,4
5450000,57,2890,2
3660000,55,3184,2
2850000,26,650,1
6400000,59,2496,2
3800000,36,1798,2
8100000,59.4,2751,2
4300000,44,2954,2
8150000,100,4285,4
4450000,40,3172,1
5100000,47,1858,2
3640000,38,1492,2
7675000,75,2857,2
2350000,22,1407,1
4725000,50,1996,2
4415000,44,3046,2
4775000,43,2234,2
6900000,91.5,3573,4
5500000,53,2862,2
6100000,62,2812,2
5500000,69,2437,2
7e+06,67,2680,2
2920000,39.5,2947,2
2600000,29,2215,1
3010000,36,2477,1
4600000,47,2374,2
3710000,45,1859,2
3830000,43,2329,2
3625000,39,2134,2
9750000,105,4423,4
3400000,43,2459,2
2850000,30,1750,1
3e+06,33,2218,1
2760000,42,1733,1
3590000,36,1740,1
5550000,86,5205,3
8100000,99.5,3633,4
6750000,71,3182,3
9e+06,63,2961,2
7750000,62,1918,2
4e+06,42,2258,2
5020000,44,1235,2
3380000,40,2885,1
4500000,59,2795,2
5100000,67,3250,3
6350000,67,1856,2
7060000,71,2558,3
8650000,84,3316,3
3390000,44.2,2941,2
4280000,39,2133,1
7550000,72,3179,3
10750000,77,3463,2
3410000,33,2031,1
7375000,68,2648,3
4270000,37,1458,2
3200000,36,2360,1
4550000,57,2637,2
3100000,33,1788,1
4125000,63,3706,2
7e+06,85,4041,3
13225000,145,5735,5
3400000,40,2208,1
3300000,29,1279,1
7200000,52,2430,2
3220000,32,1340,1
3670000,35,1887,2
4e+06,39,1159,2
4030000,46,2266,2
3625000,43,1682,2
3900000,46,1139,1
6550000,53,1646,2
3530000,35.5,2387,2
3765000,43,1960,2
6420000,56,2791,2
1.6e+07,146,1975,6
3500000,47,2848,2
5500000,60,2767,2
9600000,85,5749,3
3300000,32,2521,1
3310000,39,1843,1
3100000,28.5,1631,1
6e+06,58,3219,2
7350000,71,2910,2
5350000,70,4471,2
3750000,34,2094,2
9200000,85,4966,3
4025000,46,2484,2
6750000,73,4142,2
27400000,194,4613,5
4900000,71.5,4342,2
4900000,56,2704,2
3950000,43.5,2391,2
5300000,55,2753,2
15200000,165,8603,5
7800000,78,3806,3
5800000,66,4318,2
8400000,109.5,4340,4
8550000,108,5819,4
13800000,142,5310,5
6500000,63,3847,3
8310000,83,2893,3
2400000,20,1182,1
8600000,102.5,4842,3
3450000,34,1673,1
4025000,45,2137,2
6350000,82,4271,3
8200000,89,3831,3
7650000,77,4516,3
5950000,63,3866,2
3260000,35.5,1968,2
3200000,32,1932,1
4300000,48,3329,2
3420000,44.2,2941,2
7600000,83,3990,3
3600000,33.5,1856,1
9600000,88,5897,3
7575000,93,3826,3
8500000,110,5499,4
5650000,59,2920,2
6e+06,82,5299,3
6350000,58,3081,2
4900000,51,2550,2
2995000,26,1408,1
3405000,39,1895,1
4e+06,37,1867,2
3100000,30,1406,1
6300000,88,4981,4
6350000,68,3263,2
6600000,74,3432,2
2920000,25,1715,1
8800000,79,4667,3
7e+06,71,3493,3
7100000,57,1374,2
1e+07,98,4975,3
6150000,55,1667,2
10400000,93,4310,4
5525000,65,3179,3
3300000,29,1646,2
9100000,108.5,4615,4
5550000,63,2955,2
3010000,16,1077,1
7130000,65,3250,2
3305000,43,2459,2
3780000,39,1073,2
2955000,26,1337,1
5900000,72,3111,3
3075000,39,2013,2
6325000,75,1647,3
5270000,47,2830,2
3670000,54,1782,2
5850000,65,1639,2
3250000,39,1947,2
3220000,29,1359,1
6500000,65,4026,3
3650000,43.5,2264,2
3275000,43,2838,2
5700000,78.5,4525,3
2550000,26,1812,1
3435000,49.7,1774,1
8100000,84,3017,4
3748000,40,1914,1
6400000,67,3460,3
4e+06,42,1705,2
8350000,88,3583,4
2695000,18,930,1
4e+06,43.5,1959,1
7500000,63,2237,2
4100000,39.5,3129,2
10250000,102,4255,4
2650000,22,1673,1
2800000,23,947,1
4995000,55,3105,2
9750000,98.5,4847,4
14900000,115,2497,3
15800000,134,4367,3
7550000,59,2358,2
3800000,40,1654,2
5e+06,57,3170,2
3940000,34,1325,1
12650000,101,3821,4
4140000,42,2440,2
6550000,71,2365,3
8250000,88,1798,4
2895000,27,1405,1
5200000,75,4114,3
3930000,39.4,1930,2
5600000,63,2706,2
4650000,44,1778,2
4625000,53,3495,2
5510000,71,3376,2
5475000,57,2292,2
4025000,52,2931,2
3900000,37.3,1518,2
7650000,90,4562,4
4100000,51,2727,2
3800000,57,3243,2
2860000,30,1359,1
3825000,35.5,2169,2
6700000,54,3542,2
2800000,40,3166,1
4600000,46,1408,2
4175000,62,3574,2
5400000,67.5,3999,2
3340000,40,1860,1
5285000,60,3030,2
3150000,35,1139,2
4700000,57,3089,2
7200000,77,3374,3
2810000,27,1537,1
5875000,57,2425,2
7e+06,82.5,3991,3
6025000,59,2310,2
3900000,34,1706,1
3105000,35,2344,1
7230000,84,2283,3
5100000,67.5,2627,2
4450000,46,2017,2
4075000,41,2198,2
1e+07,100,3013,3
5430000,60,2751,2
3400000,54,3425,1
2560000,21,1010,1
3585000,44,2143,2
3250000,25,561,1
6950000,73,2874,2
9850000,82,3179,3
3515000,33,1893,1
5470000,58,2918,2
10600000,99,3658,3
2760000,25,1737,1
